treegrid = {};
treegrid{1} = [0 0 0];
treegrid{2} = [1 0];
treegrid{3} = [2 0 0];
treegrid{4} = [3 0];
treegrid{5} = [0 1 0];
treegrid{6} = [0 2 0 0];
treegrid{7} = [0 3 0];
treegrid{8} = [3 1 0];
treegrid{9} = [3 2 0];
treegrid{10} = [3 3];
treegrid{11} = [3 1 1 0];
treegrid{12} = [3 1 2];
treegrid{13} = [3 1 3];
treegrid{14} = [3 2 1 0];
treegrid{15} = [3 2 2 0];
treegrid{16} = [3 2 3];
treegrid{17} = [3 1 1 1];
treegrid{18} = [3 1 1 2];
treegrid{19} = [3 1 1 3];
treegrid{20} = [3 2 2 1 0];
treegrid{21} = [3 2 2 2];
treegrid{22} = [3 2 2 3];
treegrid{23} = [3 2 2 1 1];
treegrid{24} = [3 2 2 1 2];
treegrid{25} = [3 2 2 1 3];
treegrid{26} = [0 1 1];
treegrid{27} = [0 1 2];
treegrid{28} = [0 1 3 0];
treegrid{29} = [0 2 1];
treegrid{30} = [0 2 2];
treegrid{31} = [0 2 3];
treegrid{32} = [0 2 0 1];
treegrid{33} = [0 2 0 2];
treegrid{34} = [0 2 0 3];
treegrid{35} = [0 1 3 1];
treegrid{36} = [0 1 3 2];
treegrid{37} = [0 1 3 3 0];
treegrid{38} = [0 1 3 3 1];
treegrid{39} = [0 1 3 3 2];
treegrid{40} = [0 1 3 3 3];
treegrid{41} = [0 0 1];
treegrid{42} = [0 0 2 0];
treegrid{43} = [0 0 3];
treegrid{44} = [1 1];
treegrid{45} = [1 2];
treegrid{46} = [1 3];
treegrid{47} = [2 1];
treegrid{48} = [2 2];
treegrid{49} = [2 3 0];
treegrid{50} = [2 0 1];
treegrid{51} = [2 0 2];
treegrid{52} = [2 0 3];
treegrid{53} = [0 3 1];
treegrid{54} = [0 3 2];
treegrid{55} = [0 3 3];
treegrid{56} = [3 2 1 1];
treegrid{57} = [3 2 1 2];
treegrid{58} = [3 2 1 3];
treegrid{59} = [0 0 2 1];
treegrid{60} = [0 0 2 2];
treegrid{61} = [0 0 2 3];
treegrid{62} = [2 3 1];
treegrid{63} = [2 3 2];
treegrid{64} = [2 3 3 0];
treegrid{65} = [2 3 3 1];
treegrid{66} = [2 3 3 2];
treegrid{67} = [2 3 3 3];
points = zeros(12,2);
points(1,:) = [0.126882      0.2];
points(2,:) = [0.295699     0.26];
points(3,:) = [0.395699      0.1];
points(4,:) = [0.933333 0.166667];
points(5,:) = [ 0.87957 0.866667];
points(6,:) = [0.476344 0.933333];
points(7,:) = [0.449462 0.933333];
points(8,:) = [0.1 0.9];
points(9,:) = [0.207527 0.533333];
points(10,:) = [0.395699      0.6];
points(11,:) = [0.395699      0.5];
points(12,:) = [0.126882      0.2];
